3
[[0, 1], [0, 2], [1, 0], [1, 1], [1, 2], [2, 0], [2, 1], [2, 2]]
4
[[0, 1], [0, 3], [1, 0], [1, 1], [1, 2], [1, 3], [2, 1], [2, 3], [3, 0], [3, 1], [3, 2], [3, 3]]
5
[]
6
[[0, 1], [0, 5], [1, 0], [1, 1], [1, 2], [1, 3], [1, 4], [1, 5], [2, 1], [2, 3], [2, 5], [3, 1], [3, 2], [3, 4], [3, 5], [4, 1], [4, 3], [4, 5], [5, 0], [5, 1], [5, 2], [5, 3], [5, 4], [5, 5]]
7
[[1, 2], [1, 4], [2, 1], [2, 4], [3, 5], [3, 6], [4, 1], [4, 2], [5, 3], [5, 6], [6, 3], [6, 5]]
8
[[1, 2], [1, 3], [1, 4], [1, 5], [2, 1], [2, 5], [3, 1], [3, 4], [3, 6], [3, 7], [4, 1], [4, 3], [4, 5], [4, 7], [5, 1], [5, 2], [5, 4], [5, 7], [6, 3], [6, 7], [7, 3], [7, 4], [7, 5], [7, 6]]
9
[[1, 1], [1, 4], [1, 7], [2, 2], [2, 5], [2, 8], [4, 1], [4, 4], [4, 7], [5, 2], [5, 5], [5, 8], [7, 1], [7, 4], [7, 7], [8, 2], [8, 5], [8, 8]]
10
[]
11
[]
12
[[1, 1], [1, 2], [1, 4], [1, 5], [1, 6], [1, 7], [1, 9], [1, 10], [2, 1], [2, 3], [2, 5], [2, 7], [2, 9], [2, 11], [3, 2], [3, 7], [3, 10], [3, 11], [4, 1], [4, 7], [5, 1], [5, 2], [5, 5], [5, 6], [5, 8], [5, 9], [5, 10], [5, 11], [6, 1], [6, 5], [6, 7], [6, 11], [7, 1], [7, 2], [7, 3], [7, 4], [7, 6], [7, 7], [7, 10], [7, 11], [8, 5], [8, 11], [9, 1], [9, 2], [9, 5], [9, 10], [10, 1], [10, 3], [10, 5], [10, 7], [10, 9], [10, 11], [11, 2], [11, 3], [11, 5], [11, 6], [11, 7], [11, 8], [11, 10], [11, 11]]
13
[]
14
[]
15
[]
16
[]
17
[]
18
[[1, 1], [1, 4], [1, 7], [1, 10], [1, 13], [1, 16], [2, 5], [2, 11], [2, 17], [4, 1], [4, 7], [4, 13], [5, 2], [5, 5], [5, 8], [5, 11], [5, 14], [5, 17], [7, 1], [7, 4], [7, 7], [7, 10], [7, 13], [7, 16], [8, 5], [8, 11], [8, 17], [10, 1], [10, 7], [10, 13], [11, 2], [11, 5], [11, 8], [11, 11], [11, 14], [11, 17], [13, 1], [13, 4], [13, 7], [13, 10], [13, 13], [13, 16], [14, 5], [14, 11], [14, 17], [16, 1], [16, 7], [16, 13], [17, 2], [17, 5], [17, 8], [17, 11], [17, 14], [17, 17]]
19
[]
20
[]
21
[[1, 4], [1, 16], [2, 8], [2, 11], [4, 1], [4, 16], [5, 17], [5, 20], [8, 2], [8, 11], [10, 13], [10, 19], [11, 2], [11, 8], [13, 10], [13, 19], [16, 1], [16, 4], [17, 5], [17, 20], [19, 10], [19, 13], [20, 5], [20, 17]]
22
[]
23
[]
24
[[1, 4], [1, 10], [1, 13], [1, 19], [2, 5], [2, 17], [4, 1], [4, 7], [4, 13], [4, 19], [5, 2], [5, 17], [5, 20], [5, 23], [7, 4], [7, 13], [7, 19], [7, 22], [10, 1], [10, 13], [11, 14], [11, 17], [11, 20], [11, 23], [13, 1], [13, 4], [13, 7], [13, 10], [14, 11], [14, 23], [17, 2], [17, 5], [17, 11], [17, 20], [19, 1], [19, 4], [19, 7], [19, 22], [20, 5], [20, 11], [20, 17], [20, 23], [22, 7], [22, 19], [23, 5], [23, 11], [23, 14], [23, 20]]
25
[]
26
[]
27
[]
28
[]
29
[]
30
[]
31
[]
32
[]
33
[]
34
[]
35
[]
36
[[1, 16], [1, 19], [4, 7], [4, 25], [5, 8], [5, 23], [7, 4], [7, 25], [8, 5], [8, 23], [11, 29], [11, 32], [13, 28], [13, 31], [16, 1], [16, 19], [17, 20], [17, 35], [19, 1], [19, 16], [20, 17], [20, 35], [23, 5], [23, 8], [25, 4], [25, 7], [28, 13], [28, 31], [29, 11], [29, 32], [31, 13], [31, 28], [32, 11], [32, 29], [35, 17], [35, 20]]
